Contador:
1  [1.4, 1.04, 1.4133333333333333]
2  [0.7013333333333334, 0.4714666666666666, 1.8140444444444446]
3  [0.8486044444444445, 0.1721315555555556, 1.939166814814815]
4  [0.9433140148148148, 0.05917430518518518, 1.9798605116049384]
5  [0.9803581756049382, 0.019940422795061606, 1.9933034260016462]
6  [0.9933631456816461, 0.006672686126353966, 1.9977697993232153]
7  [0.9977769656848153, 0.002227334132144776, 1.9992568386531249]
8  [0.9992576986165173, 0.0007428173615181777, 1.999752308216488]
9  [0.9997524114120951, 0.0002476505052690925, 1.9999174395120163]
10  [0.9999174518954892, 8.255553459441955e-05, 1.9999724802501213]
11  [0.999972481736138, 2.751915547207773e-05, 1.9999908267995743]
12  [0.9999908269778963, 9.173129096851085e-06, 1.999996942272469]

Resultado final: [1.00000, 0.00000, 2.00000]

Resultado obtido com o método de Gauss-Seidel